  97.00000	   0.00000	   0.00000	   0.00000	   0.00000	   0.00000	   0.00000	   0.00000	   0.00000	   0.00000	 171.00000
  97.00000	   9.70000	   0.00000	   0.00000	   0.00000	   0.00000	   0.00000	   0.00000	   0.00000	  17.10000	 171.00000
  97.00000	  17.46000	   0.97000	   0.00000	   0.00000	   0.00000	   0.00000	   0.00000	   1.71000	  30.78000	 171.00000
  97.00000	  23.76500	   2.52200	   0.09700	   0.00000	   0.00000	   0.00000	   0.17100	   4.44600	  41.89500	 171.00000
  97.00000	  28.96420	   4.40380	   0.32980	   0.00970	   0.00000	   0.01710	   0.58140	   7.76340	  51.06060	 171.00000
  97.00000	  33.31174	   6.45244	   0.70519	   0.04074	   0.00268	   0.07182	   1.24317	  11.37492	  58.72482	 171.00000
  97.00000	  36.99464	   8.56364	   1.21347	   0.10338	   0.01340	   0.18204	   2.13921	  15.09673	  65.21735	 171.00000
  97.00000	  40.15207	  10.67173	   1.83748	   0.20539	   0.03926	   0.36089	   3.23925	  18.81304	  70.78355	 171.00000
  97.00000	  42.88883	  12.73634	   2.55769	   0.35199	   0.08804	   0.61657	   4.50879	  22.45271	  75.60815	 171.00000
  97.00000	  45.28470	  14.73372	   3.35499	   0.54616	   0.16729	   0.95294	   5.91396	  25.97387	  79.83179	 171.00000
  97.00000	  47.40113	  16.65095	   4.21198	   0.78916	   0.28374	   1.37047	   7.42385	  29.35367	  83.56282	 171.00000
  97.00000	  49.28600	  18.48207	   5.11359	   1.08090	   0.44295	   1.86714	   9.01149	  32.58160	  86.88562	 171.00000
  97.00000	  50.97701	  20.22561	   6.04717	   1.42037	   0.64917	   2.43915	  10.65407	  35.65499	  89.86666	 171.00000
  97.00000	  52.50417	  21.88291	   7.00234	   1.80593	   0.90529	   3.08165	  12.33267	  38.57607	  92.55882	 171.00000
  97.00000	  53.89162	  23.45698	   7.97075	   2.23551	   1.21299	   3.78911	  14.03191	  41.35000	  95.00467	 171.00000
  97.00000	  55.15900	  24.95182	   8.94585	   2.70678	   1.57285	   4.55578	  15.73944	  43.98366	  97.23873	 171.00000
  97.00000	  56.32238	  26.37194	   9.92254	   3.21729	   1.98454	   5.37585	  17.44549	  46.48474	  99.28935	 171.00000
  97.00000	  57.39510	  27.72204	  10.89696	   3.76454	   2.44694	   6.24368	  19.14245	  48.86128	 101.17996	 171.00000
  97.00000	  58.38828	  29.00684	  11.86622	   4.34602	   2.95838	   7.15389	  20.82446	  51.12126	 102.93009	 171.00000
  97.00000	  59.31131	  30.23092	  12.82827	   4.95928	   3.51669	   8.10139	  22.48708	  53.27247	 104.55620	 171.00000
  97.00000	  60.17214	  31.39870	  13.78163	   5.60192	   4.11942	   9.08149	  24.12705	  55.32230	 106.07221	 171.00000
  97.00000	  60.97758	  32.51433	  14.72537	   6.27164	   4.76388	  10.08984	  25.74202	  57.27777	 107.49000	 171.00000
  97.00000	  61.73350	  33.58176	  15.65889	   6.96624	   5.44725	  11.12246	  27.33038	  59.14542	 108.81977	 171.00000
  97.00000	  62.44498	  34.60465	  16.58191	   7.68360	   6.16667	  12.17573	  28.89109	  60.93135	 110.07036	 171.00000
  97.00000	  63.11645	  35.58641	  17.49436	   8.42174	   6.91927	  13.24636	  30.42358	  62.64122	 111.24942	 171.00000
  97.00000	  63.75180	  36.53021	  18.39630	   9.17876	   7.70223	  14.33138	  31.92762	  64.28028	 112.36366	 171.00000
  97.00000	  64.35446	  37.43897	  19.28794	   9.95286	   8.51280	  15.42809	  33.40326	  65.85335	 113.41896	 171.00000
  97.00000	  64.92746	  38.31542	  20.16953	  10.74236	   9.34833	  16.53407	  34.85075	  67.36490	 114.42050	 171.00000
  97.00000	  65.47351	  39.16203	  21.04140	  11.54567	  10.20631	  17.64717	  36.27050	  68.81905	 115.37289	 171.00000
  97.00000	  65.99501	  39.98112	  21.90389	  12.36131	  11.08433	  18.76542	  37.66302	  70.21958	 116.28022	 171.00000
  97.00000	  66.49412	  40.77479	  22.75736	  13.18787	  11.98014	  19.88707	  39.02892	  71.56999	 117.14613	 171.00000
  97.00000	  66.97278	  41.54498	  23.60215	  14.02405	  12.89160	  21.01056	  40.36884	  72.87349	 117.97390	 171.00000
  97.00000	  67.43272	  42.29347	  24.43862	  14.86861	  13.81674	  22.13449	  41.68348	  74.13307	 118.76647	 171.00000
  97.00000	  67.87552	  43.02191	  25.26711	  15.72043	  14.75370	  23.25762	  42.97354	  75.35145	 119.52649	 171.00000
  97.00000	  68.30261	  43.73179	  26.08792	  16.57842	  15.70077	  24.37882	  44.23974	  76.53116	 120.25633	 171.00000
  97.00000	  68.71527	  44.42449	  26.90136	  17.44161	  16.65634	  25.49710	  45.48279	  77.67454	 120.95818	 171.00000
  97.00000	  69.11466	  45.10125	  27.70770	  18.30906	  17.61894	  26.61160	  46.70339	  78.78373	 121.63400	 171.00000
  97.00000	  69.50186	  45.76324	  28.50719	  19.17991	  18.58722	  27.72151	  47.90225	  79.86072	 122.28557	 171.00000
  97.00000	  69.87781	  46.41150	  29.30006	  20.05337	  19.55992	  28.82615	  49.08002	  80.90736	 122.91453	 171.00000
  97.00000	  70.24340	  47.04698	  30.08654	  20.92869	  20.53589	  29.92492	  50.23737	  81.92534	 123.52236	 171.00000
  97.00000	  70.59942	  47.67058	  30.86680	  21.80520	  21.51407	  31.01726	  51.37492	  82.91625	 124.11042	 171.00000
  97.00000	  70.94659	  48.28309	  31.64102	  22.68224	  22.49350	  32.10271	  52.49329	  83.88153	 124.67996	 171.00000
  97.00000	  71.28558	  48.88523	  32.40935	  23.55925	  23.47330	  33.18084	  53.59305	  84.82255	 125.23212	 171.00000
  97.00000	  71.61699	  49.47768	  33.17192	  24.43566	  24.45265	  34.25131	  54.67478	  85.74056	 125.76795	 171.00000
  97.00000	  71.94136	  50.06103	  33.92887	  25.31099	  25.43081	  35.31379	  55.73901	  86.63672	 126.28842	 171.00000
  97.00000	  72.25919	  50.63585	  34.68030	  26.18476	  26.40713	  36.36802	  56.78626	  87.51212	 126.79441	 171.00000
  97.00000	  72.57094	  51.20263	  35.42630	  27.05655	  27.38098	  37.41375	  57.81702	  88.36776	 127.28674	 171.00000
  97.00000	  72.87701	  51.76183	  36.16696	  27.92597	  28.35181	  38.45080	  58.83177	  89.20459	 127.76617	 171.00000
  97.00000	  73.17779	  52.31386	  36.90235	  28.79265	  29.31913	  39.47900	  59.83095	  90.02346	 128.23339	 171.00000
  97.00000	  73.47362	  52.85910	  37.63253	  29.65627	  30.28247	  40.49821	  60.81501	  90.82520	 128.68906	 171.00000
  97.00000	  73.76481	  53.39789	  38.35756	  30.51651	  31.24142	  41.50831	  61.78435	  91.61057	 129.13377	 171.00000
  97.00000	  74.05163	  53.93055	  39.07749	  31.37311	  32.19562	  42.50923	  62.73937	  92.38027	 129.56807	 171.00000
  97.00000	  74.33436	  54.45735	  39.79236	  32.22580	  33.14473	  43.50088	  63.68044	  93.13496	 129.99248	 171.00000
  97.00000	  74.61323	  54.97855	  40.50220	  33.07435	  34.08845	  44.48322	  64.60794	  93.87526	 130.40748	 171.00000
  97.00000	  74.88844	  55.49439	  41.20705	  33.91854	  35.02652	  45.45622	  65.52220	  94.60175	 130.81351	 171.00000
  97.00000	  75.16019	  56.00506	  41.90693	  34.75819	  35.95869	  46.41985	  66.42356	  95.31497	 131.21098	 171.00000
  97.00000	  75.42866	  56.51076	  42.60187	  35.59312	  36.88476	  47.37410	  67.31233	  96.01543	 131.60028	 171.00000
  97.00000	  75.69400	  57.01166	  43.29188	  36.42316	  37.80453	  48.31899	  68.18881	  96.70361	 131.98177	 171.00000
  97.00000	  75.95637	  57.50792	  43.97699	  37.24817	  38.71784	  49.25453	  69.05331	  97.37994	 132.35578	 171.00000
  97.00000	  76.21588	  57.99967	  44.65720	  38.06801	  39.62454	  50.18073	  69.90610	  98.04486	 132.72262	 171.00000
  97.00000	  76.47267	  58.48704	  45.33253	  38.88259	  40.52450	  51.09765	  70.74744	  98.69876	 133.08258	 171.00000
  97.00000	  76.72684	  58.97015	  46.00299	  39.69177	  41.41763	  52.00531	  71.57759	  99.34201	 133.43594	 171.00000
  97.00000	  76.97849	  59.44911	  46.66858	  40.49548	  42.30381	  52.90377	  72.39680	  99.97496	 133.78295	 171.00000
  97.00000	  77.22770	  59.92399	  47.32932	  41.29362	  43.18297	  53.79308	  73.20532	 100.59795	 134.12386	 171.00000
  97.00000	  77.47456	  60.39490	  47.98522	  42.08613	  44.05505	  54.67329	  74.00336	 101.21127	 134.45888	 171.00000
  97.00000	  77.71914	  60.86190	  48.63628	  42.87293	  44.91998	  55.54448	  74.79114	 101.81524	 134.78823	 171.00000
  97.00000	  77.96150	  61.32506	  49.28251	  43.65397	  45.77773	  56.40669	  75.56889	 102.41013	 135.11211	 171.00000
  97.00000	  78.20171	  61.78445	  49.92391	  44.42920	  46.62825	  57.26002	  76.33679	 102.99620	 135.43070	 171.00000
  97.00000	  78.43981	  62.24012	  50.56049	  45.19857	  47.47152	  58.10452	  77.09505	 103.57371	 135.74418	 171.00000
  97.00000	  78.67586	  62.69213	  51.19226	  45.96206	  48.30752	  58.94027	  77.84387	 104.14289	 136.05272	 171.00000
  97.00000	  78.90990	  63.14051	  51.81923	  46.71963	  49.13625	  59.76736	  78.58341	 104.70397	 136.35646	 171.00000
  97.00000	  79.14197	  63.58532	  52.44140	  47.47125	  49.95770	  60.58585	  79.31386	 105.25717	 136.65557	 171.00000
  97.00000	  79.37211	  64.02659	  53.05877	  48.21691	  50.77187	  61.39584	  80.03539	 105.80268	 136.95017	 171.00000
  97.00000	  79.60035	  64.46436	  53.67137	  48.95659	  51.57877	  62.19739	  80.74816	 106.34070	 137.24040	 171.00000
  97.00000	  79.82671	  64.89866	  54.27919	  49.69029	  52.37841	  62.99061	  81.45234	 106.87141	 137.52639	 171.00000
  97.00000	  80.05124	  65.32952	  54.88225	  50.41799	  53.17082	  63.77556	  82.14807	 107.39500	 137.80826	 171.00000
  97.00000	  80.27394	  65.75697	  55.48055	  51.13970	  53.95601	  64.55234	  82.83552	 107.91164	 138.08610	 171.00000
  97.00000	  80.49485	  66.18102	  56.07411	  51.85542	  54.73401	  65.32102	  83.51481	 108.42147	 138.36005	 171.00000
  97.00000	  80.71398	  66.60171	  56.66293	  52.56514	  55.50486	  66.08170	  84.18610	 108.92466	 138.63019	 171.00000
  97.00000	  80.93136	  67.01906	  57.24703	  53.26889	  56.26857	  66.83446	  84.84951	 109.42136	 138.89661	 171.00000
  97.00000	  81.14699	  67.43309	  57.82642	  53.96667	  57.02519	  67.57937	  85.50519	 109.91170	 139.15943	 171.00000
  97.00000	  81.36090	  67.84381	  58.40111	  54.65850	  57.77476	  68.31654	  86.15326	 110.39582	 139.41871	 171.00000
  97.00000	  81.57310	  68.25125	  58.97112	  55.34439	  58.51731	  69.04603	  86.79385	 110.87385	 139.67455	 171.00000
  97.00000	  81.78361	  68.65542	  59.53646	  56.02435	  59.25289	  69.76794	  87.42707	 111.34592	 139.92703	 171.00000
  97.00000	  81.99243	  69.05634	  60.09715	  56.69842	  59.98154	  70.48235	  88.05304	 111.81215	 140.17621	 171.00000
  97.00000	  82.19958	  69.45403	  60.65319	  57.36660	  60.70331	  71.18934	  88.67188	 112.27264	 140.42219	 171.00000
  97.00000	  82.40506	  69.84850	  61.20462	  58.02893	  61.41824	  71.88899	  89.28370	 112.72752	 140.66501	 171.00000
  97.00000	  82.60890	  70.23977	  61.75144	  58.68543	  62.12639	  72.58139	  89.88861	 113.17689	 140.90476	 171.00000
  97.00000	  82.81110	  70.62785	  62.29367	  59.33613	  62.82779	  73.26661	  90.48672	 113.62085	 141.14150	 171.00000
  97.00000	  83.01166	  71.01276	  62.83133	  59.98105	  63.52251	  73.94474	  91.07812	 114.05950	 141.37528	 171.00000
  97.00000	  83.21061	  71.39451	  63.36445	  60.62022	  64.21058	  74.61585	  91.66292	 114.49294	 141.60618	 171.00000
  97.00000	  83.40794	  71.77311	  63.89303	  61.25368	  64.89207	  75.28003	  92.24122	 114.92126	 141.83424	 171.00000
  97.00000	  83.60366	  72.14858	  64.41710	  61.88146	  65.56703	  75.93735	  92.81310	 115.34456	 142.05952	 171.00000
  97.00000	  83.79779	  72.52094	  64.93669	  62.50358	  66.23551	  76.58790	  93.37867	 115.76291	 142.28207	 171.00000
  97.00000	  83.99032	  72.89020	  65.45180	  63.12008	  66.89755	  77.23174	  93.93802	 116.17640	 142.50194	 171.00000
  97.00000	  84.18128	  73.25637	  65.96247	  63.73100	  67.55322	  77.86895	  94.49123	 116.58512	 142.71920	 171.00000
  97.00000	  84.37066	  73.61947	  66.46871	  64.33637	  68.20257	  78.49960	  95.03839	 116.98913	 142.93387	 171.00000
  97.00000	  84.55848	  73.97952	  66.97056	  64.93622	  68.84566	  79.12378	  95.57958	 117.38853	 143.14601	 171.00000
  97.00000	  84.74473	  74.33652	  67.46802	  65.53060	  69.48252	  79.74155	  96.11490	 117.78339	 143.35566	 171.00000
  97.00000	  84.92944	  74.69049	  67.96113	  66.11953	  70.11323	  80.35298	  96.64441	 118.17376	 143.56287	 171.00000
  97.00000	  85.11260	  75.04145	  68.44990	  66.70306	  70.73784	  80.95815	  97.16820	 118.55974	 143.76767	 171.00000
